time,open,high,low,close,volume
2025-01-19T23:00:00.000Z,6032.25,6038.5,6032,6034.25,974
2025-01-19T23:01:00.000Z,6034.25,6038,6034.25,6037.75,459
2025-01-19T23:02:00.000Z,6037.25,6037.75,6032.5,6034.75,494
2025-01-19T23:03:00.000Z,6034.75,6035,6032.25,6032.5,168
2025-01-19T23:04:00.000Z,6032.25,6033,6030.25,6031,259
2025-01-19T23:05:00.000Z,6031.25,6031.25,6026.75,6026.75,505
2025-01-19T23:06:00.000Z,6026.75,6028,6024.25,6025,457
2025-01-19T23:07:00.000Z,6024.75,6025.75,6023.5,6025.75,290
2025-01-19T23:08:00.000Z,6025.75,6026.75,6025,6026.75,161
2025-01-19T23:09:00.000Z,6027,6027.25,6025.5,6026,109
2025-01-19T23:10:00.000Z,6025.75,6025.75,6023.25,6023.25,292
2025-01-19T23:11:00.000Z,6023.25,6024,6021.5,6021.75,346
2025-01-19T23:12:00.000Z,6022,6023.5,6021.75,6022.75,247
2025-01-19T23:13:00.000Z,6022.75,6023.75,6022.5,6023.5,205
2025-01-19T23:14:00.000Z,6023.5,6025,6023.5,6024.5,153
2025-01-19T23:15:00.000Z,6024.75,6025,6023.5,6024.75,149
2025-01-19T23:16:00.000Z,6024.75,6025.5,6024.75,6025.25,91
2025-01-19T23:17:00.000Z,6025.25,6026,6025,6025.5,147
2025-01-19T23:18:00.000Z,6025.5,6026.25,6025.25,6025.5,111
2025-01-19T23:19:00.000Z,6025.25,6025.75,6024.75,6025,156
2025-01-19T23:20:00.000Z,6025.25,6025.25,6024.25,6025,106
2025-01-19T23:21:00.000Z,6025,6025.5,6024.5,6025,114
2025-01-19T23:22:00.000Z,6025.25,6026.5,6025.25,6026.5,102
2025-01-19T23:23:00.000Z,6026.5,6027.5,6026.5,6027.25,155
2025-01-19T23:24:00.000Z,6027.25,6027.25,6025.75,6025.75,59
2025-01-19T23:25:00.000Z,6025.5,6025.5,6023.75,6024.75,165
2025-01-19T23:26:00.000Z,6024.75,6024.75,6023.25,6023.75,108
2025-01-19T23:27:00.000Z,6023.75,6024.75,6023.5,6024.25,64
2025-01-19T23:28:00.000Z,6024.5,6024.5,6024,6024,71
2025-01-19T23:29:00.000Z,6024.25,6024.25,6024,6024,60
2025-01-19T23:30:00.000Z,6024,6024.25,6022.75,6023.5,150
2025-01-19T23:31:00.000Z,6023.25,6023.75,6023,6023.25,91
2025-01-19T23:32:00.000Z,6023.25,6023.25,6022,6022.75,121
2025-01-19T23:33:00.000Z,6022.5,6023,6021.25,6023,169
2025-01-19T23:34:00.000Z,6022.75,6022.75,6020.75,6021,139
2025-01-19T23:35:00.000Z,6020.75,6022.75,6020.75,6021.75,207
2025-01-19T23:36:00.000Z,6022,6022,6021.5,6021.75,63
2025-01-19T23:37:00.000Z,6021.75,6022,6021.5,6021.5,64
2025-01-19T23:38:00.000Z,6021.5,6021.5,6021,6021,81
2025-01-19T23:39:00.000Z,6021.25,6021.5,6020,6020.75,189
2025-01-19T23:40:00.000Z,6020.75,6021.75,6020.75,6021.75,58
2025-01-19T23:41:00.000Z,6021.25,6022.25,6021.25,6022,178
2025-01-19T23:42:00.000Z,6022.25,6023.25,6022.25,6022.5,99
2025-01-19T23:43:00.000Z,6022.75,6023.25,6022.5,6023,31
2025-01-19T23:44:00.000Z,6023,6024.5,6023,6023.75,239
2025-01-19T23:45:00.000Z,6023.5,6024,6023,6023,158
2025-01-19T23:46:00.000Z,6023,6023,6021.5,6021.75,195
2025-01-19T23:47:00.000Z,6021.75,6022.25,6021.5,6021.75,99
2025-01-19T23:48:00.000Z,6021.75,6022,6020.75,6021.25,104
2025-01-19T23:49:00.000Z,6021.25,6022.5,6021,6022.25,137
2025-01-19T23:50:00.000Z,6022.25,6023,6022,6022.75,69
2025-01-19T23:51:00.000Z,6023,6023.5,6022.75,6023.25,74
2025-01-19T23:52:00.000Z,6023.25,6023.5,6023,6023.5,43
2025-01-19T23:53:00.000Z,6023.5,6023.75,6023,6023.5,56
2025-01-19T23:54:00.000Z,6023.5,6023.75,6023.5,6023.5,51
2025-01-19T23:55:00.000Z,6023.5,6023.5,6022.75,6023.25,78
2025-01-19T23:56:00.000Z,6023.25,6023.25,6022.25,6022.5,71
2025-01-19T23:57:00.000Z,6022.25,6022.25,6020.75,6021.5,116
2025-01-19T23:58:00.000Z,6021.5,6023.25,6021.5,6023,165
2025-01-19T23:59:00.000Z,6023,6023.5,6022.75,6023.5,53
2025-01-20T00:00:00.000Z,6023.5,6025,6023.5,6024.25,278
2025-01-20T00:01:00.000Z,6024,6024.75,6024,6024.25,158
2025-01-20T00:02:00.000Z,6024.25,6025,6024.25,6024.75,153
2025-01-20T00:03:00.000Z,6024.5,6025,6024,6024,112
2025-01-20T00:04:00.000Z,6024.25,6025,6024.25,6025,89
2025-01-20T00:05:00.000Z,6024.75,6025.25,6024.5,6025.25,102
2025-01-20T00:06:00.000Z,6025,6025,6024.75,6025,117
2025-01-20T00:07:00.000Z,6025,6025.25,6024.75,6025,54
2025-01-20T00:08:00.000Z,6024.75,6025,6022.5,6023.25,355
2025-01-20T00:09:00.000Z,6023.25,6023.75,6023,6023.5,67
2025-01-20T00:10:00.000Z,6023,6023.75,6022.5,6023.75,66
2025-01-20T00:11:00.000Z,6023.75,6024.5,6023.75,6024,57
2025-01-20T00:12:00.000Z,6024,6025,6024,6024.75,86
2025-01-20T00:13:00.000Z,6024.75,6026.25,6024.75,6026.25,208
2025-01-20T00:14:00.000Z,6026.25,6026.75,6025.75,6026,116
2025-01-20T00:15:00.000Z,6026.25,6026.5,6025.5,6025.75,138
2025-01-20T00:16:00.000Z,6026,6026,6023.5,6024,100
2025-01-20T00:17:00.000Z,6023.75,6024.5,6023.75,6024.5,58
2025-01-20T00:18:00.000Z,6024.75,6024.75,6024.25,6024.75,60
2025-01-20T00:19:00.000Z,6025,6025.5,6024.25,6024.5,117
2025-01-20T00:20:00.000Z,6024.25,6024.5,6023.25,6024,124
2025-01-20T00:21:00.000Z,6024,6024.5,6024,6024.5,34
2025-01-20T00:22:00.000Z,6024.25,6025,6024.25,6024.75,50
2025-01-20T00:23:00.000Z,6025,6025,6022.75,6023.25,178
2025-01-20T00:24:00.000Z,6023.5,6024,6023.25,6023.75,56
2025-01-20T00:25:00.000Z,6024,6025,6024,6025,60
2025-01-20T00:26:00.000Z,6025,6025,6024,6024.25,42
2025-01-20T00:27:00.000Z,6024.5,6024.5,6023.75,6024,59
2025-01-20T00:28:00.000Z,6024,6024,6023.5,6023.75,36
2025-01-20T00:29:00.000Z,6023.75,6024,6023.5,6024,67
2025-01-20T00:30:00.000Z,6024,6024.25,6023.75,6023.75,22
2025-01-20T00:31:00.000Z,6023.75,6024,6023.5,6023.75,65
2025-01-20T00:32:00.000Z,6024,6024.25,6023.75,6023.75,21
2025-01-20T00:33:00.000Z,6024,6024,6024,6024,25
2025-01-20T00:34:00.000Z,6023.75,6023.75,6023.5,6023.75,37
2025-01-20T00:35:00.000Z,6023.75,6024.25,6023.5,6024.25,19
2025-01-20T00:36:00.000Z,6024,6025.5,6024,6025.25,87
2025-01-20T00:37:00.000Z,6025.25,6025.5,6024.75,6025.5,62
2025-01-20T00:38:00.000Z,6025.5,6026,6024.75,6024.75,135
2025-01-20T00:39:00.000Z,6025,6025.25,6024.5,6024.5,29
2025-01-20T00:40:00.000Z,6024.5,6025.25,6024.5,6025,56
2025-01-20T00:41:00.000Z,6024.5,6024.5,6023.5,6023.5,81
2025-01-20T00:42:00.000Z,6023.75,6024,6023.5,6024,39
2025-01-20T00:43:00.000Z,6024.25,6024.75,6024,6024.25,70
2025-01-20T00:44:00.000Z,6024,6024,6022.75,6023.25,108
2025-01-20T00:45:00.000Z,6023,6023.25,6023,6023,56
2025-01-20T00:46:00.000Z,6023,6023.5,6023,6023.5,26
2025-01-20T00:47:00.000Z,6023.25,6023.25,6022.75,6022.75,46
2025-01-20T00:48:00.000Z,6022.5,6023.25,6022.25,6023.25,66
2025-01-20T00:49:00.000Z,6023.25,6023.25,6022.75,6023,27
2025-01-20T00:50:00.000Z,6023,6024.25,6023,6024.25,49
2025-01-20T00:51:00.000Z,6024.25,6024.25,6023.75,6023.75,25
2025-01-20T00:52:00.000Z,6023.75,6024.25,6023.75,6024,23
2025-01-20T00:53:00.000Z,6024.25,6025,6024.25,6024.75,73
2025-01-20T00:54:00.000Z,6024.5,6025.25,6024.5,6025,58
2025-01-20T00:55:00.000Z,6025,6026.25,6025,6026,230
2025-01-20T00:56:00.000Z,6026,6026.5,6026,6026.25,158
2025-01-20T00:57:00.000Z,6026.25,6026.5,6026.25,6026.25,11
2025-01-20T00:58:00.000Z,6026.25,6026.5,6026.25,6026.25,33
2025-01-20T00:59:00.000Z,6026.5,6027.25,6026.5,6027,96
2025-01-20T01:00:00.000Z,6027,6027,6025.5,6026.5,166
2025-01-20T01:01:00.000Z,6026.5,6027,6026,6026.75,63
2025-01-20T01:02:00.000Z,6026.75,6028.25,6026.75,6028.25,266
2025-01-20T01:03:00.000Z,6028,6028.5,6028,6028.25,123
2025-01-20T01:04:00.000Z,6028.25,6030,6028.25,6029.5,377
2025-01-20T01:05:00.000Z,6029.75,6030.25,6029,6029.25,190
2025-01-20T01:06:00.000Z,6029,6029,6028.25,6028.75,134
2025-01-20T01:07:00.000Z,6029,6029.5,6028.5,6029.25,113
2025-01-20T01:08:00.000Z,6029.5,6030,6029.5,6030,62
2025-01-20T01:09:00.000Z,6030.25,6030.25,6029.25,6029.75,81
2025-01-20T01:10:00.000Z,6029.75,6030,6028.5,6028.75,136
2025-01-20T01:11:00.000Z,6028.75,6029.75,6028.75,6029.5,95
2025-01-20T01:12:00.000Z,6029.25,6029.25,6028.5,6028.75,98
2025-01-20T01:13:00.000Z,6029,6029,6028.5,6028.5,60
2025-01-20T01:14:00.000Z,6028.5,6028.5,6028.25,6028.5,32
2025-01-20T01:15:00.000Z,6028.25,6028.5,6027.5,6028,87
2025-01-20T01:16:00.000Z,6028,6028.25,6026.75,6026.75,101
2025-01-20T01:17:00.000Z,6026.5,6026.5,6025.75,6026,100
2025-01-20T01:18:00.000Z,6025.75,6025.75,6024.5,6024.75,157
2025-01-20T01:19:00.000Z,6025,6025.5,6024.75,6025,95
2025-01-20T01:20:00.000Z,6025,6025.25,6024.25,6024.5,88
2025-01-20T01:21:00.000Z,6024.5,6024.75,6023.5,6024,153
2025-01-20T01:22:00.000Z,6024,6025,6023.75,6025,112
2025-01-20T01:23:00.000Z,6025,6025.75,6025,6025.5,99
2025-01-20T01:24:00.000Z,6025.75,6025.75,6025.5,6025.5,17
2025-01-20T01:25:00.000Z,6025.75,6026.25,6025.5,6025.75,84
2025-01-20T01:26:00.000Z,6025.75,6026,6025.25,6026,32
2025-01-20T01:27:00.000Z,6026,6026.5,6025.5,6025.75,99
2025-01-20T01:28:00.000Z,6025.5,6026,6024.75,6025,105
2025-01-20T01:29:00.000Z,6025,6025.25,6024.75,6025.25,41
2025-01-20T01:30:00.000Z,6025,6025.5,6024,6024.5,105
2025-01-20T01:31:00.000Z,6024.5,6025,6024.25,6024.75,45
2025-01-20T01:32:00.000Z,6024.75,6024.75,6024.25,6024.5,35
2025-01-20T01:33:00.000Z,6024.75,6025.5,6024.75,6025.5,26
2025-01-20T01:34:00.000Z,6025.25,6026.75,6025.25,6026.75,137
2025-01-20T01:35:00.000Z,6027,6028,6027,6027.25,120
2025-01-20T01:36:00.000Z,6027.25,6027.75,6027,6027.75,62
2025-01-20T01:37:00.000Z,6028,6028.5,6027.75,6028.25,104
2025-01-20T01:38:00.000Z,6028.5,6028.5,6027.75,6028.25,51
2025-01-20T01:39:00.000Z,6028.5,6028.75,6027.75,6028.5,67
2025-01-20T01:40:00.000Z,6028.25,6028.25,6027.75,6028,54
2025-01-20T01:41:00.000Z,6027.75,6027.75,6026.75,6026.75,95
2025-01-20T01:42:00.000Z,6026.75,6028,6026.25,6027.75,58
2025-01-20T01:43:00.000Z,6027.75,6027.75,6027.25,6027.5,38
2025-01-20T01:44:00.000Z,6027.25,6027.75,6027.25,6027.75,22
2025-01-20T01:45:00.000Z,6027.75,6028,6027.5,6028,32
2025-01-20T01:46:00.000Z,6028,6028.75,6027.75,6028.25,59
2025-01-20T01:47:00.000Z,6028.25,6029,6028,6029,55
2025-01-20T01:48:00.000Z,6029,6029.5,6028.75,6029.5,97
2025-01-20T01:49:00.000Z,6029.25,6029.5,6029,6029.5,27
2025-01-20T01:50:00.000Z,6029.25,6029.5,6029,6029.5,64
2025-01-20T01:51:00.000Z,6029.25,6029.25,6027.75,6027.75,112
2025-01-20T01:52:00.000Z,6027.75,6028.5,6027.75,6028.5,68
2025-01-20T01:53:00.000Z,6028.5,6028.5,6028.25,6028.25,39
2025-01-20T01:54:00.000Z,6028.25,6029,6028.25,6028.75,67
2025-01-20T01:55:00.000Z,6028.5,6029.25,6028.5,6028.5,71
2025-01-20T01:56:00.000Z,6028.5,6028.5,6027,6027.25,164
2025-01-20T01:57:00.000Z,6027.5,6027.75,6026.75,6027.75,95
2025-01-20T01:58:00.000Z,6027.5,6028,6027.25,6027.25,62
2025-01-20T01:59:00.000Z,6027.5,6027.75,6027.25,6027.75,32
2025-01-20T02:00:00.000Z,6027.5,6028,6027.25,6027.5,53
2025-01-20T02:01:00.000Z,6027.5,6027.75,6027,6027.5,56
2025-01-20T02:02:00.000Z,6027.75,6028,6027.25,6027.25,46
2025-01-20T02:03:00.000Z,6027.25,6027.5,6027,6027,38
2025-01-20T02:04:00.000Z,6027,6027.25,6027,6027,31
2025-01-20T02:05:00.000Z,6026.75,6027.5,6026.25,6026.5,117
2025-01-20T02:06:00.000Z,6026.25,6027.25,6026.25,6027,67
2025-01-20T02:07:00.000Z,6027,6027.75,6027,6027.5,58
2025-01-20T02:08:00.000Z,6027.5,6027.5,6026.75,6027.25,54
2025-01-20T02:09:00.000Z,6027.25,6027.25,6026.75,6026.75,55
2025-01-20T02:10:00.000Z,6026.75,6027,6026.75,6027,12
2025-01-20T02:11:00.000Z,6027,6027.25,6027,6027,16
2025-01-20T02:12:00.000Z,6027,6027,6026.75,6026.75,27
2025-01-20T02:13:00.000Z,6027,6027.5,6027,6027.5,53
2025-01-20T02:14:00.000Z,6027.25,6027.25,6027,6027.25,22
2025-01-20T02:15:00.000Z,6027.25,6028.25,6027.25,6028.25,98
2025-01-20T02:16:00.000Z,6028.25,6028.5,6028,6028.25,110
2025-01-20T02:17:00.000Z,6028,6028.25,6027.75,6028,66
2025-01-20T02:18:00.000Z,6028,6028.25,6027.5,6028.25,38
2025-01-20T02:19:00.000Z,6028.25,6028.25,6027.5,6028,46
2025-01-20T02:20:00.000Z,6027.75,6028,6027.25,6027.5,140
2025-01-20T02:21:00.000Z,6027.25,6027.5,6026.25,6027,94
2025-01-20T02:22:00.000Z,6026.75,6027.25,6026.75,6027.25,56
2025-01-20T02:23:00.000Z,6027.25,6027.5,6027,6027,27
2025-01-20T02:24:00.000Z,6026.75,6027.25,6026.5,6027.25,27
2025-01-20T02:25:00.000Z,6027.5,6028,6027,6027.75,159
2025-01-20T02:26:00.000Z,6028,6028.25,6027,6027.5,85
2025-01-20T02:27:00.000Z,6027.5,6027.75,6027,6027.25,30
2025-01-20T02:28:00.000Z,6027,6027.25,6026.25,6027,39
2025-01-20T02:29:00.000Z,6026.75,6027.25,6026.5,6027.25,37
2025-01-20T02:30:00.000Z,6027.5,6027.5,6027.25,6027.5,22
2025-01-20T02:31:00.000Z,6027.75,6027.75,6027.75,6027.75,32
2025-01-20T02:32:00.000Z,6028,6028.25,6028,6028,26
2025-01-20T02:33:00.000Z,6027.75,6028.25,6027.5,6028,43
2025-01-20T02:34:00.000Z,6028,6028,6027.75,6027.75,36
2025-01-20T02:35:00.000Z,6028,6028,6027.75,6028,20
2025-01-20T02:36:00.000Z,6028,6028,6027.25,6027.5,32
2025-01-20T02:37:00.000Z,6027.5,6027.5,6027.25,6027.5,21
2025-01-20T02:38:00.000Z,6027.75,6027.75,6027.5,6027.5,36
2025-01-20T02:39:00.000Z,6027.5,6027.5,6027.5,6027.5,7
2025-01-20T02:40:00.000Z,6027.75,6027.75,6027.25,6027.25,20
2025-01-20T02:41:00.000Z,6027.5,6027.75,6027.5,6027.75,29
2025-01-20T02:42:00.000Z,6027.75,6027.75,6027.25,6027.25,39
2025-01-20T02:43:00.000Z,6027.25,6028,6027.25,6028,58
2025-01-20T02:44:00.000Z,6028.25,6028.25,6027.75,6028,13
2025-01-20T02:45:00.000Z,6028,6028,6027.25,6027.5,43
2025-01-20T02:46:00.000Z,6027.5,6027.75,6027.25,6027.75,23
2025-01-20T02:47:00.000Z,6027.75,6028.25,6027.75,6028,65
2025-01-20T02:48:00.000Z,6027.75,6027.75,6027.5,6027.5,7
2025-01-20T02:49:00.000Z,6027.75,6027.75,6026.25,6026.25,70
2025-01-20T02:50:00.000Z,6026.5,6026.5,6025.75,6026,112
2025-01-20T02:51:00.000Z,6026,6026.25,6025.75,6026.25,19
2025-01-20T02:52:00.000Z,6026,6026,6025.75,6026,13
2025-01-20T02:53:00.000Z,6026.25,6026.5,6026.25,6026.5,57
2025-01-20T02:54:00.000Z,6026.5,6026.5,6025.5,6025.75,59
2025-01-20T02:55:00.000Z,6025.75,6025.75,6025.25,6025.5,65
2025-01-20T02:56:00.000Z,6025.5,6026.5,6025.5,6026.25,60
2025-01-20T02:57:00.000Z,6026.25,6026.75,6025.75,6026.75,57
2025-01-20T02:58:00.000Z,6026.75,6027.5,6026.75,6027.25,72
2025-01-20T02:59:00.000Z,6027.25,6027.25,6027.25,6027.25,8
2025-01-20T03:00:00.000Z,6027.5,6027.5,6027,6027,28
2025-01-20T03:01:00.000Z,6026.75,6027,6026.5,6027,56
2025-01-20T03:02:00.000Z,6027.25,6027.5,6027.25,6027.5,35
2025-01-20T03:03:00.000Z,6027.25,6027.25,6027.25,6027.25,8
2025-01-20T03:04:00.000Z,6027.5,6027.5,6026.25,6026.5,42
2025-01-20T03:05:00.000Z,6026.5,6026.5,6025.5,6025.5,70
2025-01-20T03:06:00.000Z,6025.75,6026.5,6025.75,6026.25,39
2025-01-20T03:07:00.000Z,6026.25,6027,6026.25,6027,30
2025-01-20T03:08:00.000Z,6026.75,6027,6026.5,6026.75,27
2025-01-20T03:09:00.000Z,6027,6027,6027,6027,17
2025-01-20T03:10:00.000Z,6026.75,6027,6026.75,6027,40
2025-01-20T03:11:00.000Z,6027,6027.25,6027,6027,19
2025-01-20T03:12:00.000Z,6027.25,6028.5,6027.25,6028.25,73
2025-01-20T03:13:00.000Z,6028.25,6028.25,6028,6028,14
2025-01-20T03:14:00.000Z,6027.75,6028.25,6027.75,6028.25,17
2025-01-20T03:15:00.000Z,6028.25,6028.75,6028,6028.5,125
2025-01-20T03:16:00.000Z,6028.5,6028.5,6028.5,6028.5,5
2025-01-20T03:17:00.000Z,6028.75,6029.5,6028.75,6029.25,68
2025-01-20T03:18:00.000Z,6029.25,6030.5,6029.25,6030.25,132
2025-01-20T03:19:00.000Z,6030.25,6030.75,6030,6030.5,127
2025-01-20T03:20:00.000Z,6030.25,6030.75,6030.25,6030.75,62
2025-01-20T03:21:00.000Z,6030.5,6030.75,6030.5,6030.5,31
2025-01-20T03:22:00.000Z,6030.5,6030.75,6030.25,6030.5,75
2025-01-20T03:23:00.000Z,6030.5,6030.5,6030.25,6030.25,33
2025-01-20T03:24:00.000Z,6030,6030,6029,6029.5,219
2025-01-20T03:25:00.000Z,6029.25,6029.25,6027.75,6028.25,243
2025-01-20T03:26:00.000Z,6028.25,6028.25,6027.25,6028.25,79
2025-01-20T03:27:00.000Z,6028,6028.5,6028,6028.25,35
2025-01-20T03:28:00.000Z,6028.5,6028.5,6028.25,6028.25,13
2025-01-20T03:29:00.000Z,6028.25,6028.75,6028.25,6028.25,20
2025-01-20T03:30:00.000Z,6028.5,6028.5,6028,6028,43
2025-01-20T03:31:00.000Z,6028,6028.5,6027.75,6028.5,73
2025-01-20T03:32:00.000Z,6028.75,6029.25,6028.75,6029,48
2025-01-20T03:33:00.000Z,6029,6029.25,6029,6029,41
2025-01-20T03:34:00.000Z,6029,6029.75,6028.75,6029.5,90
2025-01-20T03:35:00.000Z,6029.5,6029.75,6029.25,6029.5,69
2025-01-20T03:36:00.000Z,6029.5,6029.5,6028.75,6028.75,86
2025-01-20T03:37:00.000Z,6028.75,6028.75,6028.25,6028.25,59
2025-01-20T03:38:00.000Z,6028.5,6028.75,6028.25,6028.75,15
2025-01-20T03:39:00.000Z,6028.5,6028.75,6028.25,6028.25,20
2025-01-20T03:40:00.000Z,6028.5,6028.75,6028.5,6028.75,44
2025-01-20T03:41:00.000Z,6028.75,6029,6028.75,6029,21
2025-01-20T03:42:00.000Z,6028.75,6029,6028.5,6028.75,37
2025-01-20T03:43:00.000Z,6028.75,6028.75,6028.75,6028.75,27
2025-01-20T03:44:00.000Z,6028.5,6028.75,6028.5,6028.75,33
2025-01-20T03:45:00.000Z,6028.5,6029.25,6028.5,6028.75,50
2025-01-20T03:46:00.000Z,6028.5,6028.75,6028,6028.25,47
2025-01-20T03:47:00.000Z,6028.25,6028.5,6027.75,6028.5,53
2025-01-20T03:48:00.000Z,6028,6028.25,6027.75,6027.75,37
2025-01-20T03:49:00.000Z,6027.75,6028,6027.5,6027.75,68
2025-01-20T03:50:00.000Z,6027.75,6028.75,6027.75,6028.5,58
2025-01-20T03:51:00.000Z,6028.5,6028.75,6028.25,6028.5,35
2025-01-20T03:52:00.000Z,6028.5,6028.75,6028.5,6028.5,50
2025-01-20T03:53:00.000Z,6028.25,6028.25,6028,6028,21
2025-01-20T03:54:00.000Z,6028,6028.5,6028,6028.5,34
2025-01-20T03:55:00.000Z,6028.25,6029,6028.25,6028.75,19
2025-01-20T03:56:00.000Z,6028.75,6029,6028.75,6028.75,25
2025-01-20T03:57:00.000Z,6029,6029.25,6029,6029.25,14
2025-01-20T03:58:00.000Z,6029.25,6030.5,6029.25,6029.75,253
2025-01-20T03:59:00.000Z,6029.75,6030,6029.5,6029.75,26
2025-01-20T04:00:00.000Z,6029.75,6030,6029.25,6029.75,126
2025-01-20T04:01:00.000Z,6029.5,6029.75,6029.5,6029.75,29
2025-01-20T04:02:00.000Z,6029.75,6030.75,6029.75,6030.75,101
2025-01-20T04:03:00.000Z,6030.5,6031.5,6030.5,6031.25,173
2025-01-20T04:04:00.000Z,6031.25,6031.5,6031,6031.25,54
2025-01-20T04:05:00.000Z,6031.5,6031.75,6030.5,6031.5,170
2025-01-20T04:06:00.000Z,6031.25,6031.5,6031,6031,56
2025-01-20T04:07:00.000Z,6031,6031.25,6030.25,6031.25,110
2025-01-20T04:08:00.000Z,6031,6031.25,6031,6031.25,22
2025-01-20T04:09:00.000Z,6031,6031,6030.75,6030.75,27
2025-01-20T04:10:00.000Z,6030.75,6031.5,6030.75,6031.25,63
2025-01-20T04:11:00.000Z,6031,6031.5,6031,6031.5,24
2025-01-20T04:12:00.000Z,6031.25,6031.5,6031.25,6031.5,27
2025-01-20T04:13:00.000Z,6031.25,6031.25,6030.5,6030.75,43
2025-01-20T04:14:00.000Z,6030.5,6030.5,6029.75,6030,72
2025-01-20T04:15:00.000Z,6030.25,6031,6030.25,6031,43
2025-01-20T04:16:00.000Z,6030.75,6031,6030.75,6030.75,28
2025-01-20T04:17:00.000Z,6030.75,6030.75,6030.5,6030.5,12
2025-01-20T04:18:00.000Z,6030.5,6030.75,6030,6030.5,75
2025-01-20T04:19:00.000Z,6030.5,6030.5,6030.5,6030.5,6
2025-01-20T04:20:00.000Z,6030.5,6030.75,6030.5,6030.75,4
2025-01-20T04:21:00.000Z,6030.75,6030.75,6030.25,6030.25,9
2025-01-20T04:22:00.000Z,6030.5,6030.5,6030,6030.25,48
2025-01-20T04:23:00.000Z,6030.5,6030.5,6030,6030.25,17
2025-01-20T04:24:00.000Z,6030,6030,6029.75,6030,36
2025-01-20T04:25:00.000Z,6030.25,6030.25,6030,6030.25,25
2025-01-20T04:26:00.000Z,6030.25,6030.25,6029.75,6030,14
2025-01-20T04:27:00.000Z,6030,6030.25,6029.75,6030,24
2025-01-20T04:28:00.000Z,6030.25,6030.25,6029.75,6030.25,16
2025-01-20T04:29:00.000Z,6030.25,6030.25,6029,6029.5,151
2025-01-20T04:30:00.000Z,6029.75,6030,6029.75,6029.75,12
2025-01-20T04:31:00.000Z,6030,6030,6029.5,6029.5,55
2025-01-20T04:32:00.000Z,6029.75,6029.75,6029,6029.25,43
2025-01-20T04:33:00.000Z,6029.25,6029.5,6029,6029.5,34
2025-01-20T04:34:00.000Z,6029.25,6029.5,6029,6029.5,11
2025-01-20T04:35:00.000Z,6029.25,6029.5,6029.25,6029.5,21
2025-01-20T04:36:00.000Z,6029.5,6029.75,6029.5,6029.5,35
2025-01-20T04:37:00.000Z,6029.5,6029.75,6029.25,6029.75,29
2025-01-20T04:38:00.000Z,6029.75,6029.75,6029.5,6029.5,8
2025-01-20T04:39:00.000Z,6029.5,6029.75,6029.5,6029.5,39
2025-01-20T04:40:00.000Z,6029.5,6030,6029.5,6030,30
2025-01-20T04:41:00.000Z,6030.25,6030.25,6029.75,6029.75,19
2025-01-20T04:42:00.000Z,6030,6030,6029.75,6030,26
2025-01-20T04:43:00.000Z,6030,6030,6029.75,6030,48
2025-01-20T04:44:00.000Z,6030,6030,6030,6030,2
2025-01-20T04:45:00.000Z,6029.75,6030.75,6029.75,6030.75,74
2025-01-20T04:46:00.000Z,6030.75,6030.75,6030.25,6030.75,19
2025-01-20T04:47:00.000Z,6030.75,6031.25,6030.75,6030.75,44
2025-01-20T04:48:00.000Z,6031,6031,6030.5,6030.5,31
2025-01-20T04:49:00.000Z,6030.75,6030.75,6030.75,6030.75,5
2025-01-20T04:50:00.000Z,6030.5,6030.75,6030.25,6030.75,63
2025-01-20T04:51:00.000Z,6030.75,6031.25,6030.75,6031,43
2025-01-20T04:52:00.000Z,6030.75,6031,6030.75,6030.75,17
2025-01-20T04:53:00.000Z,6030.75,6031,6030.75,6031,8
2025-01-20T04:54:00.000Z,6031,6031.25,6031,6031,25
2025-01-20T04:55:00.000Z,6031.25,6031.25,6031,6031.25,26
2025-01-20T04:56:00.000Z,6031.25,6031.75,6031.25,6031.25,40
2025-01-20T04:57:00.000Z,6031.5,6031.75,6031.25,6031.75,17
2025-01-20T04:58:00.000Z,6031.75,6032,6031.5,6032,51
2025-01-20T04:59:00.000Z,6032,6032,6031.75,6032,38
2025-01-20T05:00:00.000Z,6032,6032,6031.5,6031.75,66
2025-01-20T05:01:00.000Z,6032,6032,6031.5,6031.5,76
2025-01-20T05:02:00.000Z,6031.5,6031.5,6031.25,6031.5,52
2025-01-20T05:03:00.000Z,6031.5,6032,6031.5,6032,33
2025-01-20T05:04:00.000Z,6031.75,6032,6031.75,6031.75,24
2025-01-20T05:05:00.000Z,6031.75,6032,6031.75,6031.75,23
2025-01-20T05:06:00.000Z,6032,6032.25,6031.75,6031.75,30
2025-01-20T05:07:00.000Z,6032,6032.25,6031.75,6031.75,32
2025-01-20T05:08:00.000Z,6032,6032,6031.75,6031.75,13
2025-01-20T05:09:00.000Z,6032,6032,6031.5,6031.75,23
2025-01-20T05:10:00.000Z,6031.75,6032,6031.75,6032,25
2025-01-20T05:11:00.000Z,6032.25,6032.25,6032,6032,13
2025-01-20T05:12:00.000Z,6032,6032.5,6032,6032.25,50
2025-01-20T05:13:00.000Z,6032.25,6032.25,6032,6032.25,13
2025-01-20T05:14:00.000Z,6032.5,6032.5,6032.25,6032.25,24
2025-01-20T05:15:00.000Z,6032.25,6032.25,6032,6032.25,40
2025-01-20T05:16:00.000Z,6032.25,6032.25,6032.25,6032.25,25
2025-01-20T05:17:00.000Z,6032.25,6032.25,6032.25,6032.25,6
2025-01-20T05:18:00.000Z,6032,6032,6031.25,6031.25,106
2025-01-20T05:19:00.000Z,6031.25,6032,6031.25,6032,41
2025-01-20T05:20:00.000Z,6032,6032,6032,6032,11
2025-01-20T05:21:00.000Z,6032,6032.5,6032,6032.5,21
2025-01-20T05:22:00.000Z,6032.5,6033.25,6032.25,6032.75,215
2025-01-20T05:23:00.000Z,6032.75,6033,6032.75,6033,24
2025-01-20T05:24:00.000Z,6032.75,6032.75,6032,6032,71
2025-01-20T05:25:00.000Z,6032.25,6032.5,6032.25,6032.25,34
2025-01-20T05:26:00.000Z,6032.25,6032.25,6032.25,6032.25,2
2025-01-20T05:27:00.000Z,6032,6032.25,6032,6032.25,30
2025-01-20T05:28:00.000Z,6032.25,6032.25,6032,6032,4
2025-01-20T05:29:00.000Z,6032,6032.25,6032,6032,28
2025-01-20T05:30:00.000Z,6031.75,6032,6031.75,6032,20
2025-01-20T05:31:00.000Z,6032,6032.25,6031.75,6032,26
2025-01-20T05:32:00.000Z,6031.75,6032.25,6031.75,6032,23
2025-01-20T05:33:00.000Z,6032,6032.25,6031.75,6032.25,21
2025-01-20T05:34:00.000Z,6032.25,6032.25,6032,6032.25,5
2025-01-20T05:35:00.000Z,6032.25,6032.5,6032,6032.25,43
2025-01-20T05:36:00.000Z,6032.5,6032.5,6032.25,6032.25,21
2025-01-20T05:37:00.000Z,6032.25,6032.5,6032,6032.5,36
2025-01-20T05:38:00.000Z,6032.5,6032.5,6032.5,6032.5,2
2025-01-20T05:39:00.000Z,6032.25,6032.5,6032,6032,25
2025-01-20T05:40:00.000Z,6032,6032,6032,6032,39
2025-01-20T05:41:00.000Z,6032,6032.25,6032,6032,28
2025-01-20T05:42:00.000Z,6032.25,6032.25,6031.75,6031.75,35
2025-01-20T05:43:00.000Z,6031.75,6032.25,6031.75,6032.25,16
2025-01-20T05:44:00.000Z,6032.25,6032.25,6032,6032.25,26
2025-01-20T05:45:00.000Z,6032.25,6032.25,6032,6032,31
2025-01-20T05:46:00.000Z,6032,6032,6031.75,6031.75,24
2025-01-20T05:47:00.000Z,6031.5,6031.75,6031.25,6031.25,28
2025-01-20T05:48:00.000Z,6031.25,6031.75,6031.25,6031.5,31
2025-01-20T05:49:00.000Z,6031.5,6031.5,6031.25,6031.5,6
2025-01-20T05:50:00.000Z,6031.5,6031.75,6031.5,6031.75,42
2025-01-20T05:51:00.000Z,6031.5,6031.75,6031.5,6031.5,21
2025-01-20T05:52:00.000Z,6031.5,6031.5,6031.25,6031.5,16
2025-01-20T05:53:00.000Z,6031.5,6031.75,6031.5,6031.75,24
2025-01-20T05:54:00.000Z,6031.5,6031.75,6031.5,6031.75,29
2025-01-20T05:55:00.000Z,6031.75,6032,6031.75,6031.75,16
2025-01-20T05:56:00.000Z,6031.75,6032,6031.75,6032,17
2025-01-20T05:57:00.000Z,6032,6032.25,6031.75,6032.25,28
2025-01-20T05:58:00.000Z,6032.25,6032.25,6032,6032,16
2025-01-20T05:59:00.000Z,6032,6032.25,6032,6032.25,39
2025-01-20T06:00:00.000Z,6032.25,6032.75,6032.25,6032.25,43
2025-01-20T06:01:00.000Z,6032.25,6032.25,6032,6032,92
2025-01-20T06:02:00.000Z,6032,6032.5,6032,6032.5,65
2025-01-20T06:03:00.000Z,6032.5,6032.5,6032.25,6032.5,21
2025-01-20T06:04:00.000Z,6032.25,6032.25,6031.5,6031.5,26
2025-01-20T06:05:00.000Z,6031.5,6031.75,6031,6031.75,127
2025-01-20T06:06:00.000Z,6032,6032,6031.75,6032,43
2025-01-20T06:07:00.000Z,6032,6032,6031.75,6031.75,39
2025-01-20T06:08:00.000Z,6031.75,6031.75,6031,6031.25,36
2025-01-20T06:09:00.000Z,6031.5,6031.5,6031.25,6031.5,12
2025-01-20T06:10:00.000Z,6031.5,6031.75,6031,6031.75,32
2025-01-20T06:11:00.000Z,6032,6032,6031.75,6031.75,10
2025-01-20T06:12:00.000Z,6031.75,6032.25,6031.75,6032.25,43
2025-01-20T06:13:00.000Z,6032,6032.5,6032,6032.25,32
2025-01-20T06:14:00.000Z,6032.5,6032.5,6032,6032,16
2025-01-20T06:15:00.000Z,6032,6032,6031.75,6031.75,44
2025-01-20T06:16:00.000Z,6031.5,6032,6031.5,6032,24
2025-01-20T06:17:00.000Z,6032,6032.25,6032,6032.25,18
2025-01-20T06:18:00.000Z,6032,6032.25,6032,6032.25,2
2025-01-20T06:19:00.000Z,6032.25,6032.25,6032.25,6032.25,28
2025-01-20T06:20:00.000Z,6032.25,6032.25,6032.25,6032.25,23
2025-01-20T06:21:00.000Z,6032,6032.25,6032,6032,21
2025-01-20T06:22:00.000Z,6032,6032.75,6032,6032.75,48
2025-01-20T06:23:00.000Z,6032.75,6032.75,6032,6032.25,64
2025-01-20T06:24:00.000Z,6032.25,6032.5,6032.25,6032.5,23
2025-01-20T06:25:00.000Z,6032.25,6032.5,6032.25,6032.25,22
2025-01-20T06:26:00.000Z,6032.25,6032.5,6031.75,6032.5,153
2025-01-20T06:27:00.000Z,6032.5,6032.75,6032.25,6032.75,14
2025-01-20T06:28:00.000Z,6032.5,6032.75,6032.5,6032.75,11
2025-01-20T06:29:00.000Z,6032.75,6033.5,6032.5,6033.5,136
2025-01-20T06:30:00.000Z,6033.5,6034.25,6033.5,6034,145
2025-01-20T06:31:00.000Z,6034,6034,6033.75,6034,32
2025-01-20T06:32:00.000Z,6034,6034,6034,6034,22
2025-01-20T06:33:00.000Z,6034,6034.25,6033.5,6033.5,40
2025-01-20T06:34:00.000Z,6033.75,6033.75,6033.5,6033.75,12
2025-01-20T06:35:00.000Z,6033.5,6033.5,6032.5,6032.5,44
2025-01-20T06:36:00.000Z,6032.75,6033,6032.75,6033,28
2025-01-20T06:37:00.000Z,6033,6033,6032.75,6032.75,48
2025-01-20T06:38:00.000Z,6032.75,6033.25,6032.75,6033.25,34
2025-01-20T06:39:00.000Z,6033.5,6033.75,6033,6033.25,49
2025-01-20T06:40:00.000Z,6033.25,6033.5,6033.25,6033.25,22
2025-01-20T06:41:00.000Z,6033,6033.25,6033,6033,19
2025-01-20T06:42:00.000Z,6032.75,6033,6032.5,6032.75,24
2025-01-20T06:43:00.000Z,6032.75,6033,6032.75,6033,15
2025-01-20T06:44:00.000Z,6033,6034.25,6033,6034.25,78
2025-01-20T06:45:00.000Z,6034,6035,6034,6034.5,379
2025-01-20T06:46:00.000Z,6034.25,6034.5,6034.25,6034.5,34
2025-01-20T06:47:00.000Z,6034.25,6034.25,6034,6034.25,24
2025-01-20T06:48:00.000Z,6034.5,6034.75,6034.5,6034.75,13
2025-01-20T06:49:00.000Z,6034.5,6034.75,6034.5,6034.75,38
2025-01-20T06:50:00.000Z,6034.5,6034.75,6034.5,6034.75,12
2025-01-20T06:51:00.000Z,6034.75,6036.5,6034.75,6036.5,359
2025-01-20T06:52:00.000Z,6036.25,6036.25,6035.75,6036,66
2025-01-20T06:53:00.000Z,6036.25,6036.25,6035.5,6035.75,85
2025-01-20T06:54:00.000Z,6035.75,6035.75,6035.5,6035.75,51
2025-01-20T06:55:00.000Z,6035.75,6036.5,6035.75,6036.5,49
2025-01-20T06:56:00.000Z,6036.5,6036.5,6036,6036.25,88
2025-01-20T06:57:00.000Z,6036,6036.75,6036,6036.5,67
2025-01-20T06:58:00.000Z,6036.25,6036.25,6035.25,6035.75,60
2025-01-20T06:59:00.000Z,6035.5,6035.5,6034.75,6035,99
2025-01-20T07:00:00.000Z,6035.25,6035.75,6035,6035.5,59
2025-01-20T07:01:00.000Z,6035.25,6035.25,6035,6035.25,41
2025-01-20T07:02:00.000Z,6035.25,6036.25,6035.25,6035.75,148
2025-01-20T07:03:00.000Z,6035.75,6036,6035.25,6035.25,51
2025-01-20T07:04:00.000Z,6035,6035.5,6034.75,6034.75,93
2025-01-20T07:05:00.000Z,6034.75,6035,6034.25,6035,66
2025-01-20T07:06:00.000Z,6035,6035,6034.75,6035,18
2025-01-20T07:07:00.000Z,6034.75,6035,6034.5,6035,29
2025-01-20T07:08:00.000Z,6035,6035.25,6034.5,6035,33
2025-01-20T07:09:00.000Z,6034.75,6037,6034.75,6036.75,404
2025-01-20T07:10:00.000Z,6036.75,6037,6036.25,6036.5,181
2025-01-20T07:11:00.000Z,6036.25,6037,6035.75,6036.5,154
2025-01-20T07:12:00.000Z,6036.5,6036.75,6036.25,6036.25,99
2025-01-20T07:13:00.000Z,6036.5,6036.75,6036,6036.5,67
2025-01-20T07:14:00.000Z,6036.25,6036.5,6036,6036,34
2025-01-20T07:15:00.000Z,6036,6036.25,6035.75,6036,59
2025-01-20T07:16:00.000Z,6035.75,6035.75,6035.25,6035.75,71
2025-01-20T07:17:00.000Z,6035.75,6036,6035.5,6035.5,41
2025-01-20T07:18:00.000Z,6035.5,6035.75,6035.25,6035.75,19
2025-01-20T07:19:00.000Z,6035.75,6036,6035.5,6036,31
2025-01-20T07:20:00.000Z,6035.75,6036,6035.25,6035.5,42
2025-01-20T07:21:00.000Z,6035.5,6035.75,6035.5,6035.75,40
2025-01-20T07:22:00.000Z,6035.5,6036,6035.5,6035.75,14
2025-01-20T07:23:00.000Z,6035.5,6035.75,6035.5,6035.75,8
2025-01-20T07:24:00.000Z,6035.75,6035.75,6035.5,6035.75,18
2025-01-20T07:25:00.000Z,6035.5,6035.5,6035,6035.25,12
2025-01-20T07:26:00.000Z,6035.5,6035.5,6034.75,6034.75,44
2025-01-20T07:27:00.000Z,6034.75,6035,6034.75,6034.75,24
2025-01-20T07:28:00.000Z,6034.75,6035.25,6034.75,6035,52
2025-01-20T07:29:00.000Z,6035,6035,6034.5,6034.75,15
2025-01-20T07:30:00.000Z,6034.75,6035.75,6034.5,6035.75,82
2025-01-20T07:31:00.000Z,6035.75,6036,6035.75,6036,31
2025-01-20T07:32:00.000Z,6036.25,6036.25,6035.75,6035.75,26
2025-01-20T07:33:00.000Z,6035.75,6036,6035.75,6036,15
2025-01-20T07:34:00.000Z,6035.75,6036,6035.5,6035.75,52
2025-01-20T07:35:00.000Z,6035.75,6037,6035.75,6037,104
2025-01-20T07:36:00.000Z,6036.75,6037,6036.75,6037,92
2025-01-20T07:37:00.000Z,6037,6037.25,6036.75,6037,72
2025-01-20T07:38:00.000Z,6037,6037,6036.75,6036.75,50
2025-01-20T07:39:00.000Z,6036.5,6036.75,6036.25,6036.75,79
2025-01-20T07:40:00.000Z,6036.75,6037,6036.75,6037,58
2025-01-20T07:41:00.000Z,6037,6037.25,6037,6037.25,42
2025-01-20T07:42:00.000Z,6037.25,6037.75,6036.75,6037,188
2025-01-20T07:43:00.000Z,6037,6037,6036.75,6037,33
2025-01-20T07:44:00.000Z,6037,6037,6037,6037,38
2025-01-20T07:45:00.000Z,6037,6037.75,6037,6037.5,73
2025-01-20T07:46:00.000Z,6037.5,6038.5,6037.5,6038.5,239
2025-01-20T07:47:00.000Z,6038.5,6039,6038.25,6038.75,136
2025-01-20T07:48:00.000Z,6038.75,6039,6038.5,6038.5,40
2025-01-20T07:49:00.000Z,6038.75,6039.75,6038.5,6038.75,315
2025-01-20T07:50:00.000Z,6039,6040,6038.75,6039.5,157
2025-01-20T07:51:00.000Z,6039.75,6040.25,6039.75,6040.25,128
2025-01-20T07:52:00.000Z,6040.25,6041.5,6040.25,6041.5,267
2025-01-20T07:53:00.000Z,6041.25,6041.5,6041,6041.25,118
2025-01-20T07:54:00.000Z,6041.5,6041.5,6041,6041,122
2025-01-20T07:55:00.000Z,6040.75,6041,6040,6040.5,176
2025-01-20T07:56:00.000Z,6040.25,6041.25,6040.25,6041.25,188
2025-01-20T07:57:00.000Z,6041.25,6041.5,6041,6041,50
2025-01-20T07:58:00.000Z,6041,6041,6040.75,6041,44
2025-01-20T07:59:00.000Z,6041.25,6041.75,6041.25,6041.5,108
2025-01-20T08:00:00.000Z,6041.25,6041.25,6038.5,6038.5,682
2025-01-20T08:01:00.000Z,6038.75,6039.25,6038,6038.25,365
2025-01-20T08:02:00.000Z,6038.25,6039.5,6038,6038.75,263
2025-01-20T08:03:00.000Z,6038.75,6039.75,6038.25,6039.25,317
2025-01-20T08:04:00.000Z,6039.5,6040.75,6039,6040,220
2025-01-20T08:05:00.000Z,6040,6042,6039.5,6042,254
2025-01-20T08:06:00.000Z,6042,6043,6042,6042.5,272
2025-01-20T08:07:00.000Z,6042.75,6043.5,6042,6043,220
2025-01-20T08:08:00.000Z,6043.25,6043.25,6042,6042.25,315
2025-01-20T08:09:00.000Z,6042.5,6043,6042.5,6043,86
2025-01-20T08:10:00.000Z,6043,6043.25,6041.5,6041.5,148
2025-01-20T08:11:00.000Z,6041.75,6042.75,6041.75,6042.75,174
2025-01-20T08:12:00.000Z,6042.5,6042.75,6042,6042,84
2025-01-20T08:13:00.000Z,6041.75,6041.75,6040.75,6041.5,184
2025-01-20T08:14:00.000Z,6041.25,6042.25,6041.25,6042,131
2025-01-20T08:15:00.000Z,6042.25,6042.25,6040.75,6040.75,202
2025-01-20T08:16:00.000Z,6040.75,6040.75,6038.75,6039.5,300
2025-01-20T08:17:00.000Z,6039.5,6040.25,6039.25,6040,79
2025-01-20T08:18:00.000Z,6040,6041,6039.75,6041,87
2025-01-20T08:19:00.000Z,6041,6041.5,6040.75,6041.25,99
2025-01-20T08:20:00.000Z,6041.25,6041.5,6040.5,6040.75,110
2025-01-20T08:21:00.000Z,6040.5,6040.5,6040,6040.25,97
2025-01-20T08:22:00.000Z,6040.5,6040.75,6039.5,6040.75,80
2025-01-20T08:23:00.000Z,6040.75,6041,6040.25,6040.25,128
2025-01-20T08:24:00.000Z,6040.25,6040.5,6038.75,6039,189
2025-01-20T08:25:00.000Z,6039,6039.25,6038.5,6038.75,162
2025-01-20T08:26:00.000Z,6038.75,6039.25,6037,6037.5,234
2025-01-20T08:27:00.000Z,6037.25,6037.25,6035,6035,493
2025-01-20T08:28:00.000Z,6035.25,6035.5,6033.25,6033.75,462
2025-01-20T08:29:00.000Z,6034,6034.5,6032,6034.5,330
2025-01-20T08:30:00.000Z,6034.5,6035.25,6033.75,6034.75,142
2025-01-20T08:31:00.000Z,6034.5,6036.25,6034.5,6036.25,101
2025-01-20T08:32:00.000Z,6036.25,6036.5,6035.5,6036,132
2025-01-20T08:33:00.000Z,6036,6036.5,6034.5,6035.25,140
2025-01-20T08:34:00.000Z,6035.25,6037,6035.25,6036.75,65
2025-01-20T08:35:00.000Z,6036.5,6037.75,6036.25,6037.5,95
2025-01-20T08:36:00.000Z,6037.5,6037.75,6037,6037,45
2025-01-20T08:37:00.000Z,6037,6038,6037,6038,83
2025-01-20T08:38:00.000Z,6038.25,6039,6038.25,6038.75,112
2025-01-20T08:39:00.000Z,6038.5,6038.75,6038.5,6038.75,32
2025-01-20T08:40:00.000Z,6038.75,6039,6037.5,6037.75,138
2025-01-20T08:41:00.000Z,6038,6038,6036,6036.25,330
2025-01-20T08:42:00.000Z,6036,6037,6036,6036.25,154
2025-01-20T08:43:00.000Z,6036.25,6036.25,6035.5,6036.25,230
2025-01-20T08:44:00.000Z,6036.25,6037.75,6036.25,6037.25,53
2025-01-20T08:45:00.000Z,6037.5,6037.75,6037,6037.25,62
2025-01-20T08:46:00.000Z,6037,6037.75,6036,6037,234
2025-01-20T08:47:00.000Z,6037.25,6038.25,6037,6038.25,75
2025-01-20T08:48:00.000Z,6038,6038.5,6036.75,6037,243
2025-01-20T08:49:00.000Z,6037.25,6037.25,6036.5,6036.5,46
2025-01-20T08:50:00.000Z,6036.5,6036.75,6036.25,6036.5,66
2025-01-20T08:51:00.000Z,6036.5,6037,6035.5,6036.5,228
2025-01-20T08:52:00.000Z,6036.75,6037.5,6036.5,6036.5,72
2025-01-20T08:53:00.000Z,6036.75,6037,6036.5,6037,92
2025-01-20T08:54:00.000Z,6036.75,6037.25,6036.75,6037,70
2025-01-20T08:55:00.000Z,6037,6037,6036.25,6036.25,66
2025-01-20T08:56:00.000Z,6036.5,6037,6035.75,6036.75,139
2025-01-20T08:57:00.000Z,6037,6037.25,6036.5,6037.25,28
2025-01-20T08:58:00.000Z,6037.25,6037.5,6036.5,6037.25,45
2025-01-20T08:59:00.000Z,6037.25,6037.25,6036.75,6037,46
2025-01-20T09:00:00.000Z,6037.25,6037.25,6036,6037,240
2025-01-20T09:01:00.000Z,6036.75,6037,6036.75,6037,38
2025-01-20T09:02:00.000Z,6037.25,6037.75,6037.25,6037.75,51
2025-01-20T09:03:00.000Z,6037.75,6039,6037.75,6038.75,156
2025-01-20T09:04:00.000Z,6038.75,6039,6038.5,6038.5,92
2025-01-20T09:05:00.000Z,6038.25,6039.5,6038,6039.5,111
2025-01-20T09:06:00.000Z,6039.5,6039.75,6039,6039.5,105
2025-01-20T09:07:00.000Z,6039.75,6040.75,6039.5,6040.75,252
2025-01-20T09:08:00.000Z,6040.5,6040.75,6040.25,6040.75,127
2025-01-20T09:09:00.000Z,6041,6041,6039.5,6039.75,110
2025-01-20T09:10:00.000Z,6040,6040.5,6040,6040.5,42
2025-01-20T09:11:00.000Z,6040.25,6040.5,6040,6040.5,59
2025-01-20T09:12:00.000Z,6040.5,6040.5,6040,6040,35
2025-01-20T09:13:00.000Z,6040,6041,6040,6040.75,72
2025-01-20T09:14:00.000Z,6040.25,6040.5,6039,6039.5,90
2025-01-20T09:15:00.000Z,6039.25,6040,6039.25,6039.75,118
2025-01-20T09:16:00.000Z,6040,6040,6038.5,6038.75,97
2025-01-20T09:17:00.000Z,6038.75,6040,6038.5,6039.75,126
2025-01-20T09:18:00.000Z,6039.75,6040.5,6039.75,6040.5,109
2025-01-20T09:19:00.000Z,6040.25,6040.75,6040,6040,63
2025-01-20T09:20:00.000Z,6040,6040.25,6039.25,6040,156
2025-01-20T09:21:00.000Z,6040,6040.25,6039,6039,51
2025-01-20T09:22:00.000Z,6039,6039,6038.25,6038.75,72
2025-01-20T09:23:00.000Z,6038.75,6038.75,6038.5,6038.75,16
2025-01-20T09:24:00.000Z,6038.75,6039.25,6038.5,6038.75,74
2025-01-20T09:25:00.000Z,6038.75,6039,6037.75,6038,151
2025-01-20T09:26:00.000Z,6038.25,6038.25,6037.75,6038,33
2025-01-20T09:27:00.000Z,6038.25,6038.5,6037,6037.25,186
2025-01-20T09:28:00.000Z,6037.5,6038.25,6037.25,6038.25,60
2025-01-20T09:29:00.000Z,6038.25,6038.75,6038.25,6038.5,29
2025-01-20T09:30:00.000Z,6038.75,6039.75,6038.75,6039.5,52
2025-01-20T09:31:00.000Z,6039.25,6039.75,6039,6039.25,73
2025-01-20T09:32:00.000Z,6039.5,6039.75,6039.25,6039.5,51
2025-01-20T09:33:00.000Z,6039.25,6039.5,6037.5,6037.5,140
2025-01-20T09:34:00.000Z,6037.25,6037.5,6036.5,6036.5,36
2025-01-20T09:35:00.000Z,6036.75,6036.75,6036,6036.25,56
2025-01-20T09:36:00.000Z,6036,6036.75,6036,6036.75,90
2025-01-20T09:37:00.000Z,6036.75,6037,6036.25,6036.75,36
2025-01-20T09:38:00.000Z,6036.75,6036.75,6036.5,6036.5,46
2025-01-20T09:39:00.000Z,6036.25,6036.75,6036,6036.5,84
2025-01-20T09:40:00.000Z,6036.5,6037.5,6036.25,6037.25,157
2025-01-20T09:41:00.000Z,6037.25,6037.75,6037,6037.25,92
2025-01-20T09:42:00.000Z,6037.5,6038,6037.5,6037.5,71
2025-01-20T09:43:00.000Z,6037.5,6037.75,6037.5,6037.5,29
2025-01-20T09:44:00.000Z,6037.75,6038.25,6037.75,6038.25,37
2025-01-20T09:45:00.000Z,6038.25,6038.5,6037.75,6038,86
2025-01-20T09:46:00.000Z,6038,6038.25,6038,6038.25,12
2025-01-20T09:47:00.000Z,6038,6038.25,6038,6038,22
2025-01-20T09:48:00.000Z,6038,6038,6036.75,6036.75,101
2025-01-20T09:49:00.000Z,6036.75,6037,6036.75,6036.75,35
2025-01-20T09:50:00.000Z,6036.75,6037,6036.5,6037,68
2025-01-20T09:51:00.000Z,6037,6037,6036.5,6036.5,54
2025-01-20T09:52:00.000Z,6036.75,6037,6036.25,6037,45
2025-01-20T09:53:00.000Z,6036.75,6037.25,6036.5,6037.25,41
2025-01-20T09:54:00.000Z,6037,6037.75,6037,6037.25,37
2025-01-20T09:55:00.000Z,6037.5,6037.5,6037.25,6037.25,9
2025-01-20T09:56:00.000Z,6037.5,6038.25,6037.25,6037.75,82
2025-01-20T09:57:00.000Z,6037.5,6038.25,6037.5,6038.25,76
2025-01-20T09:58:00.000Z,6038.5,6039,6038.25,6038.25,129
2025-01-20T09:59:00.000Z,6038.25,6038.5,6038,6038.5,54
2025-01-20T10:00:00.000Z,6038.5,6039,6038.5,6039,45
2025-01-20T10:01:00.000Z,6039,6039.75,6039,6039.75,56
2025-01-20T10:02:00.000Z,6039.5,6040,6039.25,6040,92
2025-01-20T10:03:00.000Z,6039.75,6039.75,6039.25,6039.5,50
2025-01-20T10:04:00.000Z,6039.5,6039.5,6037,6037.25,221
2025-01-20T10:05:00.000Z,6037.5,6037.75,6037,6037.75,71
2025-01-20T10:06:00.000Z,6037.75,6038,6037.5,6037.75,59
2025-01-20T10:07:00.000Z,6037.5,6037.5,6036.5,6036.5,86
2025-01-20T10:08:00.000Z,6036.5,6036.5,6034.25,6035.5,452
2025-01-20T10:09:00.000Z,6035.75,6035.75,6035,6035.25,47
2025-01-20T10:10:00.000Z,6035.5,6036,6035.25,6035.75,115
2025-01-20T10:11:00.000Z,6035.75,6036.25,6035.25,6035.75,77
2025-01-20T10:12:00.000Z,6036,6036,6035.25,6035.5,221
2025-01-20T10:13:00.000Z,6035.5,6036.75,6035.5,6036.25,72
2025-01-20T10:14:00.000Z,6036.5,6036.75,6036,6036.25,85
2025-01-20T10:15:00.000Z,6036.75,6036.75,6036,6036.5,39
2025-01-20T10:16:00.000Z,6036.75,6037,6036.75,6036.75,11
2025-01-20T10:17:00.000Z,6037,6037.75,6036.5,6036.5,94
2025-01-20T10:18:00.000Z,6036.5,6036.75,6034.5,6035,202
2025-01-20T10:19:00.000Z,6035.25,6035.75,6034.5,6035.25,54
2025-01-20T10:20:00.000Z,6035.5,6036.75,6035.5,6036.75,127
2025-01-20T10:21:00.000Z,6036.75,6037.5,6036.25,6037,137
2025-01-20T10:22:00.000Z,6037.25,6038,6037.25,6038,71
2025-01-20T10:23:00.000Z,6038,6038.5,6038,6038.25,39
2025-01-20T10:24:00.000Z,6038,6038.25,6037.75,6037.75,29
2025-01-20T10:25:00.000Z,6037.75,6038.5,6036.75,6037,151
2025-01-20T10:26:00.000Z,6037,6037.5,6036.75,6037.5,51
2025-01-20T10:27:00.000Z,6037,6037.5,6037,6037.25,18
2025-01-20T10:28:00.000Z,6037.5,6037.5,6037,6037,96
2025-01-20T10:29:00.000Z,6037.5,6037.75,6037,6037.75,62
2025-01-20T10:30:00.000Z,6038,6038,6037.75,6037.75,29
2025-01-20T10:31:00.000Z,6038,6038,6037.25,6037.5,23
2025-01-20T10:32:00.000Z,6037.75,6037.75,6036.5,6037.25,58
2025-01-20T10:33:00.000Z,6037,6037,6036.25,6036.5,61
2025-01-20T10:34:00.000Z,6036.25,6036.5,6035.75,6036.25,116
2025-01-20T10:35:00.000Z,6036.25,6036.25,6035.5,6035.75,57
2025-01-20T10:36:00.000Z,6035.75,6036.25,6035.75,6036.25,40
2025-01-20T10:37:00.000Z,6036,6036.25,6035.75,6036.25,28
2025-01-20T10:38:00.000Z,6036.5,6036.75,6036.5,6036.75,25
2025-01-20T10:39:00.000Z,6036.75,6037.25,6036.75,6037.25,19
2025-01-20T10:40:00.000Z,6037.25,6037.75,6037,6037,55
2025-01-20T10:41:00.000Z,6037.25,6037.25,6037,6037,28
2025-01-20T10:42:00.000Z,6037.25,6037.5,6035.75,6036,109
2025-01-20T10:43:00.000Z,6036.25,6037,6036.25,6037,54
2025-01-20T10:44:00.000Z,6037.25,6037.25,6036.75,6037,29
2025-01-20T10:45:00.000Z,6037,6037.25,6036.75,6037.25,35
2025-01-20T10:46:00.000Z,6037.25,6037.75,6036.25,6036.5,223
2025-01-20T10:47:00.000Z,6036.75,6037.25,6036.75,6037.25,86
2025-01-20T10:48:00.000Z,6037.5,6038.75,6037.5,6038.75,126
2025-01-20T10:49:00.000Z,6038.75,6039.5,6038.5,6039.25,247
2025-01-20T10:50:00.000Z,6039.5,6039.75,6038.75,6038.75,90
2025-01-20T10:51:00.000Z,6038.75,6039,6038.5,6038.5,54
2025-01-20T10:52:00.000Z,6038.5,6039.25,6038.25,6039.25,77
2025-01-20T10:53:00.000Z,6039.25,6040,6039.25,6039.5,82
2025-01-20T10:54:00.000Z,6039.75,6039.75,6039.25,6039.25,67
2025-01-20T10:55:00.000Z,6039.25,6039.5,6038.25,6038.5,133
2025-01-20T10:56:00.000Z,6038.25,6038.25,6037,6038,152
2025-01-20T10:57:00.000Z,6038.25,6038.75,6038,6038.25,67
2025-01-20T10:58:00.000Z,6038,6038.25,6037.75,6038.25,30
2025-01-20T10:59:00.000Z,6038.25,6038.25,6037.5,6037.5,59
2025-01-20T11:00:00.000Z,6037.25,6037.25,6036.75,6037,86
2025-01-20T11:01:00.000Z,6037,6037.25,6036,6037.25,170
2025-01-20T11:02:00.000Z,6037.25,6037.5,6037,6037.25,74
2025-01-20T11:03:00.000Z,6037.25,6037.5,6037,6037.25,73
2025-01-20T11:04:00.000Z,6037.25,6038.5,6037.25,6038.5,80
2025-01-20T11:05:00.000Z,6038.5,6038.5,6037.5,6037.5,34
2025-01-20T11:06:00.000Z,6037.75,6038.5,6037.75,6038.25,50
2025-01-20T11:07:00.000Z,6038.75,6038.75,6038.25,6038.5,47
2025-01-20T11:08:00.000Z,6038.5,6039,6037.5,6038.25,179
2025-01-20T11:09:00.000Z,6038.5,6038.5,6037.75,6038,80
2025-01-20T11:10:00.000Z,6038,6038,6036.75,6037.25,260
2025-01-20T11:11:00.000Z,6037.25,6037.5,6036.75,6037,61
2025-01-20T11:12:00.000Z,6037,6037.75,6037,6037,68
2025-01-20T11:13:00.000Z,6037,6037,6036.25,6036.25,81
2025-01-20T11:14:00.000Z,6036.5,6037,6036.5,6037,33
2025-01-20T11:15:00.000Z,6037,6037.25,6036.5,6036.75,85
2025-01-20T11:16:00.000Z,6037,6037.25,6036.5,6036.75,30
2025-01-20T11:17:00.000Z,6036.5,6037.25,6036.5,6036.5,40
2025-01-20T11:18:00.000Z,6037,6037.25,6037,6037,58
2025-01-20T11:19:00.000Z,6037.25,6037.25,6036,6036.5,80
2025-01-20T11:20:00.000Z,6036.5,6037,6036.5,6037,12
2025-01-20T11:21:00.000Z,6037.25,6037.25,6037.25,6037.25,18
2025-01-20T11:22:00.000Z,6037.25,6037.5,6037,6037,63
2025-01-20T11:23:00.000Z,6036.75,6036.75,6036.25,6036.25,92
2025-01-20T11:24:00.000Z,6036.25,6036.5,6035.25,6035.5,243
2025-01-20T11:25:00.000Z,6035.5,6035.75,6035.25,6035.75,42
2025-01-20T11:26:00.000Z,6036,6036.25,6035.5,6036,37
2025-01-20T11:27:00.000Z,6036,6036.25,6035.5,6036.25,40
2025-01-20T11:28:00.000Z,6036.25,6036.25,6036,6036,25
2025-01-20T11:29:00.000Z,6036.25,6036.5,6036.25,6036.25,16
2025-01-20T11:30:00.000Z,6036.25,6036.75,6036.25,6036.5,24
2025-01-20T11:31:00.000Z,6036.75,6037.5,6036.75,6037.5,41
2025-01-20T11:32:00.000Z,6037.5,6037.75,6037.25,6037.5,18
2025-01-20T11:33:00.000Z,6037.5,6038.25,6037.5,6038.25,39
2025-01-20T11:34:00.000Z,6038.25,6038.5,6038,6038,30
2025-01-20T11:35:00.000Z,6038.25,6038.5,6037.75,6038,75
2025-01-20T11:36:00.000Z,6038,6038.25,6038,6038.25,33
2025-01-20T11:37:00.000Z,6038.5,6038.5,6037.5,6037.75,118
2025-01-20T11:38:00.000Z,6037.75,6037.75,6037,6037,34
2025-01-20T11:39:00.000Z,6037,6037.5,6037,6037.5,71
2025-01-20T11:40:00.000Z,6037.5,6037.75,6036.75,6036.75,67
2025-01-20T11:41:00.000Z,6037,6037,6036.5,6036.5,105
2025-01-20T11:42:00.000Z,6036.5,6036.5,6035.75,6036.25,93
2025-01-20T11:43:00.000Z,6036.5,6036.5,6035.75,6035.75,87
2025-01-20T11:44:00.000Z,6036,6036,6035.5,6036,77
2025-01-20T11:45:00.000Z,6036.25,6038,6036.25,6037.5,132
2025-01-20T11:46:00.000Z,6037.5,6037.5,6037.25,6037.25,43
2025-01-20T11:47:00.000Z,6037.25,6037.25,6036.5,6036.5,25
2025-01-20T11:48:00.000Z,6036.75,6037.5,6036.75,6037.25,43
2025-01-20T11:49:00.000Z,6037.5,6037.75,6037,6037.5,41
2025-01-20T11:50:00.000Z,6037.5,6037.5,6037.25,6037.25,51
2025-01-20T11:51:00.000Z,6037.25,6037.25,6037,6037.25,18
2025-01-20T11:52:00.000Z,6037,6037.5,6037,6037.25,49
2025-01-20T11:53:00.000Z,6037.25,6037.25,6036.5,6036.75,86
2025-01-20T11:54:00.000Z,6037,6037.25,6036.75,6036.75,56
2025-01-20T11:55:00.000Z,6037,6037.5,6036,6036.25,259
2025-01-20T11:56:00.000Z,6036,6036.75,6036,6036.5,58
2025-01-20T11:57:00.000Z,6036.5,6037,6036.5,6036.75,30
2025-01-20T11:58:00.000Z,6036.75,6036.75,6036.75,6036.75,6
2025-01-20T11:59:00.000Z,6036.5,6036.5,6036,6036,23
2025-01-20T12:00:00.000Z,6036.25,6036.5,6035.75,6035.75,84
2025-01-20T12:01:00.000Z,6036,6036,6035.25,6035.5,132
2025-01-20T12:02:00.000Z,6035.25,6035.25,6033.75,6034.75,376
2025-01-20T12:03:00.000Z,6035,6035.25,6033.75,6034,236
2025-01-20T12:04:00.000Z,6033.75,6034.75,6033.5,6034.75,73
2025-01-20T12:05:00.000Z,6034.75,6036,6034.75,6035.5,106
2025-01-20T12:06:00.000Z,6035.75,6036.25,6035.5,6036,65
2025-01-20T12:07:00.000Z,6036,6036.25,6035.5,6036,138
2025-01-20T12:08:00.000Z,6036,6036.5,6036,6036,52
2025-01-20T12:09:00.000Z,6035.75,6035.75,6034.75,6035.25,106
2025-01-20T12:10:00.000Z,6035,6035,6034,6034,86
2025-01-20T12:11:00.000Z,6034.5,6034.5,6033.75,6034,154
2025-01-20T12:12:00.000Z,6033.75,6033.75,6033.25,6033.5,65
2025-01-20T12:13:00.000Z,6033.25,6033.75,6033.25,6033.75,74
2025-01-20T12:14:00.000Z,6033.75,6033.75,6032,6032.5,361
2025-01-20T12:15:00.000Z,6032.25,6032.5,6030.75,6031,689
2025-01-20T12:16:00.000Z,6031.25,6032.75,6031,6032.5,169
2025-01-20T12:17:00.000Z,6032.75,6032.75,6031.75,6031.75,112
2025-01-20T12:18:00.000Z,6031.75,6031.75,6030.25,6031,336
2025-01-20T12:19:00.000Z,6031,6031,6029.5,6029.75,210
2025-01-20T12:20:00.000Z,6029.5,6030.5,6028.75,6030,231
2025-01-20T12:21:00.000Z,6030,6030.5,6029.25,6030.25,181
2025-01-20T12:22:00.000Z,6030.25,6030.75,6029.25,6030.5,138
2025-01-20T12:23:00.000Z,6030.5,6030.75,6029.25,6029.25,97
2025-01-20T12:24:00.000Z,6029.25,6029.5,6028,6028.25,282
2025-01-20T12:25:00.000Z,6028.5,6028.75,6026.75,6027.75,239
2025-01-20T12:26:00.000Z,6027.75,6027.75,6027,6027.25,175
2025-01-20T12:27:00.000Z,6027.25,6028,6026,6027.25,258
2025-01-20T12:28:00.000Z,6027.5,6028,6026.5,6027.25,206
2025-01-20T12:29:00.000Z,6027.25,6027.25,6025.75,6026.5,249
2025-01-20T12:30:00.000Z,6026.5,6029,6026.5,6028.75,234
2025-01-20T12:31:00.000Z,6029,6029.75,6028,6028,234
2025-01-20T12:32:00.000Z,6028,6029.75,6027.75,6029.5,129
2025-01-20T12:33:00.000Z,6029.5,6030.25,6029,6029.5,104
2025-01-20T12:34:00.000Z,6029.75,6030.25,6029.75,6030.25,76
2025-01-20T12:35:00.000Z,6030,6030,6029.25,6029.75,168
2025-01-20T12:36:00.000Z,6030,6030.25,6029,6029.75,183
2025-01-20T12:37:00.000Z,6030,6030.25,6029.25,6030,58
2025-01-20T12:38:00.000Z,6030,6030.75,6027.5,6028.25,332
2025-01-20T12:39:00.000Z,6028.25,6028.5,6027.75,6028.25,123
2025-01-20T12:40:00.000Z,6028.5,6028.75,6027.5,6028.5,216
2025-01-20T12:41:00.000Z,6028.5,6029.5,6028.25,6029.5,96
2025-01-20T12:42:00.000Z,6029.75,6029.75,6028.5,6029,119
2025-01-20T12:43:00.000Z,6029.5,6029.5,6028.75,6029.25,78
2025-01-20T12:44:00.000Z,6029.25,6029.25,6028,6028,120
2025-01-20T12:45:00.000Z,6028.5,6030,6028.5,6028.75,93
2025-01-20T12:46:00.000Z,6029,6029,6027.75,6028.25,78
2025-01-20T12:47:00.000Z,6028.25,6028.75,6028,6028.5,59
2025-01-20T12:48:00.000Z,6028.5,6030,6028.5,6029.75,60
2025-01-20T12:49:00.000Z,6029.75,6030,6029.25,6029.5,76
2025-01-20T12:50:00.000Z,6029.5,6030,6029.25,6029.5,278
2025-01-20T12:51:00.000Z,6029.5,6029.75,6029,6029.5,82
2025-01-20T12:52:00.000Z,6029.25,6030.25,6028,6028,196
2025-01-20T12:53:00.000Z,6028.25,6028.25,6027,6027.75,270
2025-01-20T12:54:00.000Z,6027.75,6028.5,6027.25,6027.75,121
2025-01-20T12:55:00.000Z,6028,6028,6027.25,6028,75
2025-01-20T12:56:00.000Z,6027.75,6028.75,6027.75,6028.75,90
2025-01-20T12:57:00.000Z,6028.75,6029,6027.25,6027.25,110
2025-01-20T12:58:00.000Z,6027.5,6028.5,6027.5,6028.5,58
2025-01-20T12:59:00.000Z,6028.25,6028.25,6027.75,6028,54
2025-01-20T13:00:00.000Z,6028,6028,6025,6025.75,464
2025-01-20T13:01:00.000Z,6026,6026,6024.5,6024.5,178
2025-01-20T13:02:00.000Z,6024.5,6025.75,6024,6025.5,262
2025-01-20T13:03:00.000Z,6025.5,6025.5,6024.25,6024.75,206
2025-01-20T13:04:00.000Z,6024.5,6025.5,6024.5,6025.25,252
2025-01-20T13:05:00.000Z,6025.25,6026.25,6025,6026,219
2025-01-20T13:06:00.000Z,6026,6026.5,6025.5,6026.25,131
2025-01-20T13:07:00.000Z,6026.75,6027.25,6026.25,6026.75,222
2025-01-20T13:08:00.000Z,6026.5,6027.25,6026,6026.75,120
2025-01-20T13:09:00.000Z,6027,6027.75,6026.5,6026.75,169
2025-01-20T13:10:00.000Z,6026.5,6026.5,6025.5,6026,245
2025-01-20T13:11:00.000Z,6026.25,6027,6025.75,6026.5,123
2025-01-20T13:12:00.000Z,6026.25,6026.5,6025.5,6026,142
2025-01-20T13:13:00.000Z,6026,6026.25,6025.5,6026,84
2025-01-20T13:14:00.000Z,6026,6027,6026,6026.5,73
2025-01-20T13:15:00.000Z,6027,6027.5,6026.75,6027.25,74
2025-01-20T13:16:00.000Z,6027.25,6027.5,6026.5,6026.75,251
2025-01-20T13:17:00.000Z,6026.75,6027.5,6026.5,6027.25,79
2025-01-20T13:18:00.000Z,6027,6027.25,6026.75,6026.75,58
2025-01-20T13:19:00.000Z,6026.75,6027.25,6026.5,6026.75,76
2025-01-20T13:20:00.000Z,6027,6027,6026.5,6026.5,52
2025-01-20T13:21:00.000Z,6026.75,6028,6026.75,6028,232
2025-01-20T13:22:00.000Z,6027.75,6027.75,6027.25,6027.5,115
2025-01-20T13:23:00.000Z,6027.75,6027.75,6026.5,6027,139
2025-01-20T13:24:00.000Z,6027,6027.5,6026.75,6027.5,50
2025-01-20T13:25:00.000Z,6027.25,6027.25,6026.75,6027,40
2025-01-20T13:26:00.000Z,6027,6027,6025.75,6026,352
2025-01-20T13:27:00.000Z,6026.25,6026.75,6025.5,6025.5,188
2025-01-20T13:28:00.000Z,6025.25,6025.5,6024.25,6024.5,335
2025-01-20T13:29:00.000Z,6025,6025,6023.75,6024,236
2025-01-20T13:30:00.000Z,6024,6042.25,6018,6026.25,10378
2025-01-20T13:31:00.000Z,6026.25,6039.25,6024.75,6039.25,2271
2025-01-20T13:32:00.000Z,6039.25,6042.75,6037.75,6041.25,2126
2025-01-20T13:33:00.000Z,6041,6046.25,6040.25,6044.75,2117
2025-01-20T13:34:00.000Z,6044.5,6048.5,6044.5,6048,2396
2025-01-20T13:35:00.000Z,6047.75,6048.25,6042.75,6043.75,1596
2025-01-20T13:36:00.000Z,6043.75,6044.25,6039.75,6040.25,1526
2025-01-20T13:37:00.000Z,6040,6042.25,6039.25,6039.25,1054
2025-01-20T13:38:00.000Z,6039.25,6040.75,6036.5,6038.75,1235
2025-01-20T13:39:00.000Z,6038.5,6041.25,6037.75,6040.25,668
2025-01-20T13:40:00.000Z,6040.5,6040.75,6037.25,6038.25,617
2025-01-20T13:41:00.000Z,6038.25,6038.75,6036.5,6038.5,639
2025-01-20T13:42:00.000Z,6038.5,6040,6037.5,6040,484
2025-01-20T13:43:00.000Z,6040,6043.5,6039.75,6043,667
2025-01-20T13:44:00.000Z,6043.25,6046.5,6043.25,6045.25,1070
2025-01-20T13:45:00.000Z,6045.25,6046.5,6043.75,6046.25,761
2025-01-20T13:46:00.000Z,6046.25,6049,6046.25,6047.5,1313
2025-01-20T13:47:00.000Z,6047.25,6048.75,6047.25,6048,435
2025-01-20T13:48:00.000Z,6048,6048.5,6046.75,6047.75,685
2025-01-20T13:49:00.000Z,6047.75,6048,6046.5,6047.75,485
2025-01-20T13:50:00.000Z,6047.5,6049,6046.5,6048.75,714
2025-01-20T13:51:00.000Z,6048.75,6050,6047,6049.5,1105
2025-01-20T13:52:00.000Z,6049.5,6052,6048.25,6051.25,1115
2025-01-20T13:53:00.000Z,6051.25,6054,6051,6053.25,1274
2025-01-20T13:54:00.000Z,6053.25,6054.25,6052.75,6053.5,659
2025-01-20T13:55:00.000Z,6053.25,6054,6052.5,6053.25,436
2025-01-20T13:56:00.000Z,6053.25,6058.5,6053.25,6055.5,2242
2025-01-20T13:57:00.000Z,6055.25,6057,6054,6056.5,1614
2025-01-20T13:58:00.000Z,6056.5,6058.5,6056,6058,1213
2025-01-20T13:59:00.000Z,6058,6058.25,6057,6057.25,389
2025-01-20T14:00:00.000Z,6057.25,6058,6056.5,6057.75,624
2025-01-20T14:01:00.000Z,6057.5,6059.75,6057,6059.5,998
2025-01-20T14:02:00.000Z,6059.25,6060,6056.25,6057,873
2025-01-20T14:03:00.000Z,6057.25,6059,6056.25,6058.75,792
2025-01-20T14:04:00.000Z,6058.75,6060,6058,6059.25,870
2025-01-20T14:05:00.000Z,6059.25,6060.25,6059,6059.75,783
2025-01-20T14:06:00.000Z,6059.75,6059.75,6057.5,6057.75,823
2025-01-20T14:07:00.000Z,6057.75,6057.75,6054.5,6055.25,1057
2025-01-20T14:08:00.000Z,6055,6057.5,6054.25,6056.5,521
2025-01-20T14:09:00.000Z,6056.75,6057.75,6056,6057.5,626
2025-01-20T14:10:00.000Z,6057.75,6058.25,6057.25,6057.75,550
2025-01-20T14:11:00.000Z,6057.75,6057.75,6055.25,6056,583
2025-01-20T14:12:00.000Z,6056,6056,6053.5,6053.75,714
2025-01-20T14:13:00.000Z,6054,6054,6051.5,6053.25,1077
2025-01-20T14:14:00.000Z,6053.5,6053.5,6050.75,6051.25,752
2025-01-20T14:15:00.000Z,6051.25,6051.5,6050,6051.25,593
2025-01-20T14:16:00.000Z,6051.25,6052,6051.25,6051.25,329
2025-01-20T14:17:00.000Z,6051,6053.25,6051,6052.75,475
2025-01-20T14:18:00.000Z,6053,6054.5,6051.5,6052.5,772
2025-01-20T14:19:00.000Z,6052.5,6054.5,6052.5,6054,401
2025-01-20T14:20:00.000Z,6054,6057.75,6053.75,6057.5,1029
2025-01-20T14:21:00.000Z,6057.5,6061.25,6056.75,6061,2310
2025-01-20T14:22:00.000Z,6061,6062.25,6060.25,6061.5,1178
2025-01-20T14:23:00.000Z,6061.25,6061.75,6060.25,6061,699
2025-01-20T14:24:00.000Z,6060.75,6062.5,6060.5,6062,491
2025-01-20T14:25:00.000Z,6062,6063,6062,6062.25,638
2025-01-20T14:26:00.000Z,6062.5,6066,6061.75,6065,1586
2025-01-20T14:27:00.000Z,6065.25,6065.5,6064,6065,960
2025-01-20T14:28:00.000Z,6065,6065.5,6063.5,6064.75,703
2025-01-20T14:29:00.000Z,6064.75,6065.75,6063.75,6063.75,665
2025-01-20T14:30:00.000Z,6064.25,6065.25,6063,6065.25,1360
2025-01-20T14:31:00.000Z,6065.25,6067,6063.25,6065.25,1389
2025-01-20T14:32:00.000Z,6065.25,6067.5,6065,6066.75,776
2025-01-20T14:33:00.000Z,6066.5,6068,6066.5,6067.25,653
2025-01-20T14:34:00.000Z,6067.25,6068,6065.5,6066.25,712
2025-01-20T14:35:00.000Z,6066,6067.5,6065.75,6067,591
2025-01-20T14:36:00.000Z,6067,6069,6066.75,6068,1479
2025-01-20T14:37:00.000Z,6068.25,6069.75,6068,6068.75,652
2025-01-20T14:38:00.000Z,6068.75,6069.25,6066.5,6066.5,613
2025-01-20T14:39:00.000Z,6066.5,6067.75,6066,6067.25,820
2025-01-20T14:40:00.000Z,6067.5,6072.75,6066,6072.25,2376
2025-01-20T14:41:00.000Z,6072.25,6073.75,6071,6073,1696
2025-01-20T14:42:00.000Z,6073.25,6073.75,6071.25,6071.75,1372
2025-01-20T14:43:00.000Z,6071.5,6076.5,6071.5,6076.25,1981
2025-01-20T14:44:00.000Z,6076.5,6078.25,6075.5,6076,2903
2025-01-20T14:45:00.000Z,6076.25,6077,6073.5,6074.75,1227
2025-01-20T14:46:00.000Z,6075,6075.25,6073.5,6074.25,813
2025-01-20T14:47:00.000Z,6074.25,6075.25,6073.5,6073.75,967
2025-01-20T14:48:00.000Z,6073.75,6073.75,6072,6073.25,682
2025-01-20T14:49:00.000Z,6073.25,6074.25,6072.25,6074.25,653
2025-01-20T14:50:00.000Z,6074.25,6075,6071,6072.25,1191
2025-01-20T14:51:00.000Z,6072.25,6073,6071,6072.5,762
2025-01-20T14:52:00.000Z,6072.5,6074.5,6072.5,6073.5,830
2025-01-20T14:53:00.000Z,6073.25,6073.25,6071.75,6072,396
2025-01-20T14:54:00.000Z,6072,6072.75,6072,6072.75,339
2025-01-20T14:55:00.000Z,6072.75,6073,6071,6071.5,467
2025-01-20T14:56:00.000Z,6071.5,6071.5,6067.5,6067.75,1032
2025-01-20T14:57:00.000Z,6067.5,6067.75,6065,6065.75,1492
2025-01-20T14:58:00.000Z,6065.75,6067.25,6065.25,6066.5,825
2025-01-20T14:59:00.000Z,6066.5,6068,6066.5,6067.75,582
2025-01-20T15:00:00.000Z,6067.5,6067.5,6063.25,6064,1169
2025-01-20T15:01:00.000Z,6063.75,6065.25,6063,6064.75,663
2025-01-20T15:02:00.000Z,6065,6065.25,6063,6063.75,650
2025-01-20T15:03:00.000Z,6063.75,6063.75,6061,6062,1038
2025-01-20T15:04:00.000Z,6062,6062.25,6061.5,6062,967
2025-01-20T15:05:00.000Z,6062,6065.5,6061.75,6064.75,1157
2025-01-20T15:06:00.000Z,6065,6065.5,6063.5,6064.25,382
2025-01-20T15:07:00.000Z,6064,6065.25,6062.5,6065.25,563
2025-01-20T15:08:00.000Z,6065.25,6066,6065.25,6065.5,334
2025-01-20T15:09:00.000Z,6065.5,6065.75,6064,6065,415
2025-01-20T15:10:00.000Z,6065,6065,6063,6063,481
2025-01-20T15:11:00.000Z,6063.25,6064.5,6062.75,6063.75,863
2025-01-20T15:12:00.000Z,6063.75,6065,6063.75,6064.5,513
2025-01-20T15:13:00.000Z,6064.25,6066.75,6064.25,6065.75,619
2025-01-20T15:14:00.000Z,6065.75,6065.75,6063,6063.75,484
2025-01-20T15:15:00.000Z,6064,6064.25,6061.75,6061.75,660
2025-01-20T15:16:00.000Z,6061.5,6062.25,6059.75,6060.75,914
2025-01-20T15:17:00.000Z,6060.75,6061,6056.75,6059.5,1109
2025-01-20T15:18:00.000Z,6059.5,6061.5,6059.5,6060.75,446
2025-01-20T15:19:00.000Z,6061,6061,6060.25,6060.5,383
2025-01-20T15:20:00.000Z,6060.5,6060.5,6055,6055.25,971
2025-01-20T15:21:00.000Z,6055,6057.25,6055,6057,1193
2025-01-20T15:22:00.000Z,6057.25,6057.25,6055.25,6057.25,679
2025-01-20T15:23:00.000Z,6057.25,6057.75,6055.5,6055.75,605
2025-01-20T15:24:00.000Z,6056,6057,6055.25,6057,560
2025-01-20T15:25:00.000Z,6057.25,6057.5,6055.25,6056.25,716
2025-01-20T15:26:00.000Z,6056,6057,6055.75,6056.25,429
2025-01-20T15:27:00.000Z,6056.25,6057,6055.25,6056.25,327
2025-01-20T15:28:00.000Z,6056.25,6057,6055.25,6055.75,350
2025-01-20T15:29:00.000Z,6055.75,6057.25,6055.5,6056.25,351
2025-01-20T15:30:00.000Z,6056.5,6056.75,6055.5,6056,352
2025-01-20T15:31:00.000Z,6056,6056,6051.5,6053.75,1290
2025-01-20T15:32:00.000Z,6053.75,6055.25,6052.75,6053.25,342
2025-01-20T15:33:00.000Z,6053.25,6054,6050.75,6053.5,628
2025-01-20T15:34:00.000Z,6053.5,6055.25,6053,6053.25,586
2025-01-20T15:35:00.000Z,6053.5,6055.5,6052.75,6055.25,292
2025-01-20T15:36:00.000Z,6055.25,6055.25,6054,6055,363
2025-01-20T15:37:00.000Z,6055.25,6055.75,6053.25,6054,362
2025-01-20T15:38:00.000Z,6054,6054.75,6053.25,6054.25,351
2025-01-20T15:39:00.000Z,6054.25,6054.75,6053.5,6054.5,241
2025-01-20T15:40:00.000Z,6054.25,6056,6053.75,6053.75,564
2025-01-20T15:41:00.000Z,6053.75,6053.75,6052,6053,459
2025-01-20T15:42:00.000Z,6052.75,6053.75,6052.5,6052.75,316
2025-01-20T15:43:00.000Z,6052.75,6053,6045.5,6047.5,2694
2025-01-20T15:44:00.000Z,6047.75,6049.5,6045,6048.25,1290
2025-01-20T15:45:00.000Z,6048,6048,6043,6044,1485
2025-01-20T15:46:00.000Z,6044.25,6047,6044.25,6046.25,768
2025-01-20T15:47:00.000Z,6046.25,6049.25,6046.25,6049,599
2025-01-20T15:48:00.000Z,6049,6051,6048,6050.5,534
2025-01-20T15:49:00.000Z,6050.25,6051.5,6050,6050.5,469
2025-01-20T15:50:00.000Z,6050.5,6052.25,6050.25,6051.75,432
2025-01-20T15:51:00.000Z,6051.75,6053,6051.25,6052.25,840
2025-01-20T15:52:00.000Z,6052.25,6052.25,6051.5,6051.5,436
2025-01-20T15:53:00.000Z,6051.25,6052.5,6050.75,6052.5,539
2025-01-20T15:54:00.000Z,6052.5,6052.75,6051.75,6052,199
2025-01-20T15:55:00.000Z,6052.25,6052.25,6051.25,6051.5,178
2025-01-20T15:56:00.000Z,6051.75,6053.75,6051.5,6053,480
2025-01-20T15:57:00.000Z,6052.75,6053.75,6052.25,6053.5,374
2025-01-20T15:58:00.000Z,6053.25,6053.5,6051.75,6052.75,258
2025-01-20T15:59:00.000Z,6052.5,6054,6052.5,6053.75,193
2025-01-20T16:00:00.000Z,6053.75,6054.75,6053.75,6054,493
2025-01-20T16:01:00.000Z,6054,6061.5,6053.5,6059.25,3374
2025-01-20T16:02:00.000Z,6059.25,6060,6058.5,6059.75,517
2025-01-20T16:03:00.000Z,6059.75,6060,6059,6059.25,345
2025-01-20T16:04:00.000Z,6059.25,6060.5,6059,6059.25,479
2025-01-20T16:05:00.000Z,6059.5,6060,6059.25,6059.75,346
2025-01-20T16:06:00.000Z,6059.5,6060.5,6059.5,6060.5,197
2025-01-20T16:07:00.000Z,6060.5,6060.5,6058.5,6059,290
2025-01-20T16:08:00.000Z,6059,6059.25,6058.75,6058.75,150
2025-01-20T16:09:00.000Z,6058.75,6060.25,6058.25,6059.25,443
2025-01-20T16:10:00.000Z,6059.25,6059.75,6059,6059.25,205
2025-01-20T16:11:00.000Z,6059.25,6059.5,6056.5,6057.25,483
2025-01-20T16:12:00.000Z,6057.25,6057.5,6055.75,6056.75,420
2025-01-20T16:13:00.000Z,6056.75,6058,6056.25,6057.75,480
2025-01-20T16:14:00.000Z,6057.75,6059,6057.75,6058.75,217
2025-01-20T16:15:00.000Z,6058.75,6059.25,6057.5,6058,398
2025-01-20T16:16:00.000Z,6058.25,6059,6057.25,6057.25,291
2025-01-20T16:17:00.000Z,6057.25,6058,6056.75,6057.5,270
2025-01-20T16:18:00.000Z,6057.5,6058.5,6057.25,6057.5,167
2025-01-20T16:19:00.000Z,6057.75,6058.5,6056.75,6058.25,363
2025-01-20T16:20:00.000Z,6058.5,6059,6058,6058.5,266
2025-01-20T16:21:00.000Z,6058.5,6060.25,6058.5,6059.75,320
2025-01-20T16:22:00.000Z,6060,6060.75,6059.5,6060.25,474
2025-01-20T16:23:00.000Z,6060.25,6061.25,6060,6061.25,221
2025-01-20T16:24:00.000Z,6061.25,6061.5,6059.75,6060.25,433
2025-01-20T16:25:00.000Z,6060.25,6061,6058,6058.25,586
2025-01-20T16:26:00.000Z,6058,6059.75,6057.5,6059.5,418
2025-01-20T16:27:00.000Z,6059.5,6059.75,6058.75,6059.5,271
2025-01-20T16:28:00.000Z,6059.5,6059.5,6057.5,6059.25,657
2025-01-20T16:29:00.000Z,6059.25,6059.75,6057.25,6059.25,755
2025-01-20T16:30:00.000Z,6059.5,6060.5,6058.75,6060.25,853
2025-01-20T16:31:00.000Z,6060.5,6060.5,6059.75,6060.25,286
2025-01-20T16:32:00.000Z,6060.5,6060.5,6059.25,6059.25,228
2025-01-20T16:33:00.000Z,6059.5,6060.25,6059.5,6059.5,172
2025-01-20T16:34:00.000Z,6059.5,6059.75,6058.5,6059,316
2025-01-20T16:35:00.000Z,6059,6060,6057.75,6058.25,492
2025-01-20T16:36:00.000Z,6058.25,6061.25,6058.25,6060.75,484
2025-01-20T16:37:00.000Z,6060.75,6061.25,6060.25,6060.75,246
2025-01-20T16:38:00.000Z,6061,6061.25,6060,6060.25,218
2025-01-20T16:39:00.000Z,6060.25,6061.25,6060.25,6060.75,297
2025-01-20T16:40:00.000Z,6061,6061,6059.75,6061,131
2025-01-20T16:41:00.000Z,6060.75,6061.25,6060.5,6060.75,150
2025-01-20T16:42:00.000Z,6060.75,6060.75,6059.25,6059.5,279
2025-01-20T16:43:00.000Z,6059.5,6059.75,6058.5,6059.25,219
2025-01-20T16:44:00.000Z,6059.25,6059.25,6058.25,6059,168
2025-01-20T16:45:00.000Z,6059,6059.5,6058.25,6059.5,228
2025-01-20T16:46:00.000Z,6059.25,6060,6059.25,6059.5,146
2025-01-20T16:47:00.000Z,6059.25,6060.25,6059.25,6059.75,229
2025-01-20T16:48:00.000Z,6059.75,6060.25,6059.75,6059.75,72
2025-01-20T16:49:00.000Z,6059.5,6060,6059.5,6059.75,101
2025-01-20T16:50:00.000Z,6060,6060.25,6059.75,6060,113
2025-01-20T16:51:00.000Z,6060,6060.25,6059.75,6060,76
2025-01-20T16:52:00.000Z,6060,6061.25,6059.5,6061,490
2025-01-20T16:53:00.000Z,6061,6061,6060.25,6060.5,142
2025-01-20T16:54:00.000Z,6060.25,6060.25,6058.75,6058.75,250
2025-01-20T16:55:00.000Z,6059,6059.25,6058.75,6058.75,124
2025-01-20T16:56:00.000Z,6058.75,6059,6058.25,6058.75,289
2025-01-20T16:57:00.000Z,6059,6059,6058.5,6058.75,99
2025-01-20T16:58:00.000Z,6058.75,6059,6056,6056.25,394
2025-01-20T16:59:00.000Z,6056.25,6057.25,6054.5,6055.5,528
2025-01-20T17:00:00.000Z,6055.75,6056.75,6054.5,6056.5,549
2025-01-20T17:01:00.000Z,6056.5,6057,6055.25,6056.75,284
2025-01-20T17:02:00.000Z,6056.75,6058,6056.75,6056.75,219
2025-01-20T17:03:00.000Z,6056.75,6057.75,6056.25,6057.5,219
2025-01-20T17:04:00.000Z,6057.75,6058.75,6056.75,6056.75,543
2025-01-20T17:05:00.000Z,6056.75,6056.75,6054.5,6054.75,541
2025-01-20T17:06:00.000Z,6054.75,6055,6054,6054.5,503
2025-01-20T17:07:00.000Z,6054.25,6055,6052,6053,575
2025-01-20T17:08:00.000Z,6053,6054.5,6053,6054,252
2025-01-20T17:09:00.000Z,6054,6055,6054,6054.5,227
2025-01-20T17:10:00.000Z,6054.5,6055.5,6054.5,6055.5,226
2025-01-20T17:11:00.000Z,6055.5,6056.5,6055.5,6056.5,301
2025-01-20T17:12:00.000Z,6056.25,6056.5,6055.25,6056.5,310
2025-01-20T17:13:00.000Z,6056.5,6056.75,6056.25,6056.25,91
2025-01-20T17:14:00.000Z,6056,6056,6054.25,6054.5,360
2025-01-20T17:15:00.000Z,6054.5,6054.75,6053.75,6054.75,116
2025-01-20T17:16:00.000Z,6054.75,6055.25,6054.75,6055.25,149
2025-01-20T17:17:00.000Z,6055,6055.75,6054,6055,240
2025-01-20T17:18:00.000Z,6055,6056,6054,6054,180
2025-01-20T17:19:00.000Z,6054,6055,6053,6054.75,251
2025-01-20T17:20:00.000Z,6054.75,6057.25,6054.5,6057,379
2025-01-20T17:21:00.000Z,6056.75,6057.75,6056.5,6056.5,243
2025-01-20T17:22:00.000Z,6056.25,6057,6055.5,6056.75,175
2025-01-20T17:23:00.000Z,6057,6057.25,6055.75,6056.75,254
2025-01-20T17:24:00.000Z,6057,6058.25,6050,6050.75,2037
2025-01-20T17:25:00.000Z,6050.5,6054.75,6045.5,6046.25,4715
2025-01-20T17:26:00.000Z,6046.5,6051.25,6036.5,6046.5,4865
2025-01-20T17:27:00.000Z,6046.25,6050.75,6044.5,6048.5,1395
2025-01-20T17:28:00.000Z,6048.75,6051,6047.75,6048.5,692
2025-01-20T17:29:00.000Z,6048.5,6051,6048,6048.25,481
2025-01-20T17:30:00.000Z,6048,6051,6045.75,6050,702
2025-01-20T17:31:00.000Z,6050.25,6053.5,6050.25,6052.75,916
2025-01-20T17:32:00.000Z,6053,6054.75,6050.75,6051.5,660
2025-01-20T17:33:00.000Z,6051.75,6052,6046.75,6047.75,871
2025-01-20T17:34:00.000Z,6048,6052.5,6047,6052.25,621
2025-01-20T17:35:00.000Z,6052.25,6056.75,6052.25,6055.5,1071
2025-01-20T17:36:00.000Z,6055.25,6056,6053,6053.25,560
2025-01-20T17:37:00.000Z,6053.25,6054.5,6052.75,6054,219
2025-01-20T17:38:00.000Z,6054.25,6056.25,6053.75,6056,337
2025-01-20T17:39:00.000Z,6056,6056,6052,6054.5,851
2025-01-20T17:40:00.000Z,6055,6058,6055,6055.75,598
2025-01-20T17:41:00.000Z,6056,6056.75,6054.75,6055.25,288
2025-01-20T17:42:00.000Z,6055.5,6055.5,6050,6052.5,1113
2025-01-20T17:43:00.000Z,6052.25,6054.5,6052,6053.25,316
2025-01-20T17:44:00.000Z,6053.5,6056,6053.5,6054,233
2025-01-20T17:45:00.000Z,6054,6055.75,6052,6054,420
2025-01-20T17:46:00.000Z,6054,6055.5,6053,6054.5,367
2025-01-20T17:47:00.000Z,6054.5,6056,6053.75,6054.25,193
2025-01-20T17:48:00.000Z,6054.25,6054.75,6053.5,6054.5,119
2025-01-20T17:49:00.000Z,6054.25,6054.25,6053.25,6054.25,179
2025-01-20T17:50:00.000Z,6054,6054.75,6053,6054.25,117
2025-01-20T17:51:00.000Z,6054.25,6054.25,6053.25,6053.5,117
2025-01-20T17:52:00.000Z,6053.25,6053.75,6052,6053.5,163
2025-01-20T17:53:00.000Z,6053.25,6055.5,6053.25,6055,133
2025-01-20T17:54:00.000Z,6054.75,6062,6054.75,6060.25,1255
2025-01-20T17:55:00.000Z,6060,6060.75,6057.25,6058.75,457
2025-01-20T17:56:00.000Z,6058.75,6059.5,6056.75,6057.25,331
2025-01-20T17:57:00.000Z,6057.25,6058.5,6056.25,6056.75,117
2025-01-20T17:58:00.000Z,6056.75,6056.75,6055,6055.75,173
2025-01-20T17:59:00.000Z,6055.75,6056.5,6054.75,6055.25,378
